3 5 8 11 12 13 14 15 16 17 20 22 25 26 30 32 34 36 37 41 42 45 47 48 49 
0 2 3 8 9 11 13 15 16 18 19 20 21 23 24 25 30 32 36 38 39 41 42 44 45 
3 4 6 8 10 12 13 15 16 17 19 23 24 28 29 32 35 36 37 40 43 44 47 48 49 
0 1 2 3 4 5 9 10 13 15 21 22 25 27 28 30 34 35 37 38 41 43 45 46 47 
0 3 4 6 8 10 12 13 15 16 18 19 20 21 22 23 24 26 29 31 34 35 42 46 49 
0 1 2 3 4 8 10 11 15 21 22 24 27 28 29 33 37 39 41 42 43 45 47 48 49 
2 3 8 9 11 12 17 18 20 21 22 24 25 29 30 31 32 33 36 38 40 44 47 48 49 
0 1 3 4 5 6 7 9 13 14 15 21 22 23 25 28 29 30 32 34 35 38 39 42 47 
2 3 5 6 7 9 10 11 13 14 15 19 20 21 29 30 33 35 39 41 42 43 44 47 49 
1 4 5 6 8 12 13 16 18 21 22 23 24 26 27 30 31 33 34 36 37 38 40 42 48 
