114 224 371 546 607 798 890 893 1064 1118 1135 1148 1326 1380 1388 1397 1419 1621 1638 1762 1907 1918 1995 2031 2054 2244 2457 2503 2798 2885 2995 3629 3670 3705 3831 3854 3908 3948 3965 3971 4017 4141 4165 4195 4252 4262 4377 4673 4903 4905 
163 252 283 323 969 1047 1178 1204 1360 1381 1463 1667 1689 1770 1777 2256 2282 2343 2355 2412 2678 2705 2791 2816 2846 3082 3092 3301 3343 3374 3468 3530 3707 3782 3799 3840 3853 3939 4009 4117 4171 4245 4517 4519 4585 4663 4697 4746 4901 4959 
1 175 221 292 305 409 412 455 461 496 669 720 834 913 969 1035 1216 1687 1791 1878 1903 1980 2435 2622 2903 2917 2981 2994 3294 3563 3627 3648 3677 3764 3811 3825 3930 4009 4080 4106 4187 4200 4238 4277 4281 4396 4448 4539 4580 4991 
10 23 194 336 460 831 914 966 986 1146 1152 1321 1356 1453 1546 1773 1963 2005 2148 2269 2536 2592 2615 2734 2735 2826 2869 2980 3032 3082 3090 3204 3339 3451 3470 3471 3547 3590 3623 3786 3832 3911 3945 4315 4524 4620 4659 4691 4779 4857 
83 425 563 607 624 634 877 1007 1036 1064 1135 1494 1520 1614 1718 1795 1894 2166 2217 2228 2254 2336 2339 2454 2541 2571 2659 2699 2998 3037 3093 3099 3112 3216 3224 3492 3539 3686 3798 3823 3833 3880 3911 4033 4147 4196 4247 4471 4609 4916 
86 96 376 476 535 631 747 803 856 883 1001 1039 1217 1277 1405 1421 1450 1500 1603 1788 1898 1909 1968 1977 2075 2085 2209 2274 2298 2321 2491 2574 2599 2643 2906 2987 3077 3402 3403 3470 3631 3905 4042 4144 4175 4204 4388 4510 4877 4962 
7 66 268 379 413 498 507 513 525 762 824 958 1048 1079 1156 1249 1434 1438 1586 1638 1651 1761 1810 1813 1934 1962 2013 2199 2212 2215 2271 2313 2367 2772 2776 2846 2911 3245 3299 3592 3676 3808 3892 4156 4231 4311 4323 4494 4570 4874 
93 251 394 463 532 646 744 790 866 896 1030 1079 1128 1261 1312 1414 1669 1757 1932 1984 2011 2170 2176 2190 2330 2369 2606 2754 2824 2836 2865 2873 2935 3138 3184 3572 3584 3648 3805 4059 4101 4142 4253 4507 4540 4573 4781 4786 4817 4856 
108 268 350 445 595 680 775 903 1040 1049 1066 1137 1166 1181 1233 1248 1275 1356 1650 2056 2060 2337 2597 2612 2640 2728 2743 2829 2865 3093 3149 3225 3231 3500 3596 3733 3742 3893 3910 4181 4334 4390 4408 4455 4503 4597 4671 4679 4816 4931 
82 94 120 462 781 873 1034 1196 1254 1259 1295 1396 1403 1453 1477 1555 1650 1803 1841 1862 2104 2105 2204 2276 2378 2430 2490 2511 2523 2658 2744 2879 2883 2894 2922 3138 3240 3248 3275 3330 3465 3609 3824 3891 3905 4628 4702 4733 4820 4990 
59 72 173 192 239 379 473 822 830 835 846 1002 1140 1185 1209 1220 1226 1401 1472 1478 1522 1602 1639 1795 1850 1924 2226 2229 2507 2679 2716 2824 2861 2889 3024 3076 3109 3246 3419 3536 3617 3811 3996 4063 4190 4617 4707 4763 4888 4939 
187 275 300 369 430 454 473 594 633 877 1167 1203 1286 1296 1467 1481 1489 1543 1626 1743 1800 2040 2135 2163 2327 2423 2504 2523 2543 2573 2592 2639 2760 2814 3050 3118 3257 3356 3512 3528 3744 3783 3796 4076 4083 4122 4213 4463 4932 4983 
56 88 190 233 283 424 456 475 610 738 746 869 1080 1108 1113 1167 1305 1317 1410 1423 1619 1767 1858 1915 1958 2145 2425 2612 2645 2855 3034 3476 3509 3573 3630 3735 3745 3750 3865 4043 4141 4201 4262 4473 4686 4741 4852 4901 4911 4993 
289 360 500 629 641 738 852 1016 1175 1191 1251 1412 1445 1753 1817 2019 2161 2211 2266 2283 2339 2421 2425 2451 2533 2688 2695 2744 2922 3254 3301 3315 3525 3552 3672 3723 3732 3770 3928 4039 4107 4292 4319 4324 4378 4481 4689 4707 4876 4973 
2 120 217 394 401 406 442 518 598 622 644 649 803 964 988 995 1056 1208 1296 1308 1402 1718 1760 1775 2092 2143 2256 2291 2331 2593 2655 3018 3061 3156 3257 3432 3673 3997 4032 4199 4207 4227 4379 4523 4707 4777 4864 4870 4921 4938 
350 409 576 999 1088 1093 1265 1545 1649 1850 1887 1931 2048 2320 2527 2571 2604 2853 2898 2951 3026 3103 3192 3254 3299 3305 3388 3483 3681 3765 4074 4179 4207 4247 4258 4269 4333 4412 4495 4504 4520 4554 4724 4777 4804 4805 4817 4864 4911 4974 
44 65 73 239 287 354 575 783 953 1150 1230 1368 1399 1503 1549 1585 1745 1834 1871 2209 2256 2350 2441 2507 2554 2569 2618 2904 3035 3036 3045 3127 3195 3281 3450 3490 3504 3542 3559 3574 3611 3626 3743 3922 4045 4283 4447 4474 4708 4973 
102 114 207 545 685 748 755 771 853 1048 1107 1120 1261 1287 1342 1395 1415 1463 1517 1568 1650 1698 2061 2282 2339 2426 2437 2480 2518 2543 2588 3095 3181 3380 3490 3558 3666 3679 3996 4014 4190 4216 4244 4267 4290 4328 4395 4509 4733 4906 
302 308 352 368 373 410 459 515 573 660 711 743 889 936 984 1323 1386 1609 1631 1645 1833 1945 2067 2125 2244 2331 2340 2495 2511 2577 2652 2661 2717 3037 3085 3176 3221 3226 3538 3653 3741 4201 4217 4349 4420 4464 4566 4710 4866 4917 
9 38 235 248 348 397 859 995 1013 1184 1213 1242 1317 1362 1804 2297 2491 2599 2661 2671 2765 2832 2977 3003 3212 3236 3315 3318 3329 3470 3496 3666 3732 3733 3798 3827 4003 4135 4151 4154 4209 4243 4379 4605 4662 4712 4753 4804 4887 4908 
170 191 280 367 428 439 470 487 517 549 634 823 828 856 971 982 986 1045 1282 1355 1602 2076 2179 2253 2649 2708 2740 2752 2844 2853 2854 2864 2904 3041 3063 3695 3705 3733 3760 4026 4034 4085 4134 4152 4209 4503 4593 4782 4869 4891 
21 89 219 269 430 519 545 589 625 645 693 751 909 964 1071 1102 1380 1547 1552 1562 1857 1899 2047 2093 2102 2172 2665 2789 2996 3187 3203 3339 3539 3697 3728 3744 3784 3849 3878 3898 4218 4298 4347 4482 4614 4618 4630 4795 4824 4889 
14 95 352 558 561 959 1018 1069 1083 1248 1267 1302 1331 1364 1441 1522 1616 1651 1773 1869 1883 1892 2210 2405 2652 2696 2700 2777 2903 2941 2976 3027 3316 3359 3442 3456 3562 3615 3629 3644 3850 3952 4141 4270 4364 4537 4596 4858 4928 4973 
3 190 419 509 518 535 558 744 758 860 936 947 990 1012 1181 1199 1255 1566 1837 1847 2192 2261 2366 2459 2549 2677 2742 2901 2929 2936 2967 3053 3122 3221 3309 3369 3447 3551 3603 3706 3889 3986 4066 4202 4276 4657 4660 4691 4817 4965 
42 103 155 183 296 355 795 810 1062 1237 1665 1714 1747 1841 2164 2176 2312 2342 2432 2503 2667 2695 2810 2959 2964 3027 3037 3148 3181 3326 3376 3417 3666 3686 3885 3908 4105 4151 4167 4326 4372 4374 4419 4478 4522 4603 4612 4841 4876 4910 
115 237 477 551 700 753 912 951 976 1042 1296 1430 1462 1489 1531 1602 1661 1704 1979 2052 2272 2370 2433 2479 2798 2803 2834 3026 3210 3244 3338 3351 3391 3626 3635 3677 3696 3697 4151 4307 4401 4652 4692 4709 4713 4717 4741 4770 4878 4988 
344 440 477 490 513 583 654 747 925 992 1093 1096 1152 1462 1499 1513 1668 1718 1782 1846 1889 1968 2014 2239 2429 2526 2596 2901 2953 3219 3232 3336 3363 3396 3422 3459 3484 3742 3746 3842 3909 3917 3991 3996 4021 4100 4542 4632 4649 4924 
59 283 490 572 696 809 950 1036 1049 1239 1362 1372 1617 1627 1635 1694 1700 1755 1795 1946 2200 2209 2323 2351 2504 2551 2639 2802 2866 2909 3139 3216 3225 3234 3276 3406 3432 3435 3571 3662 3992 4127 4158 4180 4346 4347 4548 4657 4731 4831 
129 198 276 462 473 479 681 812 826 954 1091 1092 1105 1258 1444 1455 1500 1536 1577 1581 1669 1683 1936 2387 2530 2600 2702 2714 2879 2955 2977 2997 3105 3294 3601 3613 3866 3954 4005 4011 4216 4305 4392 4417 4525 4632 4664 4705 4725 4738 
9 144 152 220 265 403 452 631 638 697 718 839 1226 1271 1281 1307 1392 1617 1626 1749 1865 1970 2166 2317 2465 2633 2653 2772 2822 2903 2968 3265 3313 3549 3657 3764 3793 3873 3897 4030 4078 4262 4289 4307 4549 4588 4782 4855 4885 4929 
32 56 78 111 131 203 249 283 528 531 655 675 692 710 744 820 972 993 1118 1196 1226 1718 1743 1838 1942 2309 2398 2480 2623 2870 2894 2895 3036 3048 3076 3160 3389 3455 3552 3560 3652 3765 3841 3909 4099 4318 4326 4671 4746 4899 
89 138 142 404 436 439 507 523 544 596 621 731 765 774 853 1014 1075 1104 1105 1141 1217 1570 1660 1700 1707 1831 1981 2072 2224 2256 2555 2727 2755 2886 3121 3189 3272 3348 3443 3600 3882 3900 3935 3959 4021 4424 4433 4444 4668 4788 
305 504 620 866 1011 1119 1300 1409 1449 1473 1625 1661 1671 1736 1766 1864 1869 1882 2065 2163 2205 2230 2294 2355 2498 2568 2660 2679 2962 3189 3309 3536 3557 3564 3570 3577 3650 3755 3873 4053 4090 4309 4390 4443 4482 4523 4771 4784 4812 4963 
3 28 82 249 323 355 527 556 750 849 1142 1344 1394 1398 1435 1500 1527 1589 1719 1729 1808 1861 1897 1948 2039 2321 2347 2577 2593 2837 2843 2941 3030 3088 3116 3139 3155 3183 3255 3276 3343 3482 3650 4022 4084 4321 4520 4656 4924 4954 
39 60 245 365 485 639 819 1037 1102 1350 1407 1490 1527 1563 1796 1902 1927 2137 2147 2222 2363 2370 2408 2502 2539 2574 2586 2640 2664 2725 2754 2792 2942 3324 3552 3727 3840 3892 4076 4189 4341 4484 4573 4618 4632 4638 4836 4844 4881 4959 
129 292 374 377 738 1118 1157 1194 1504 1702 1744 1747 1767 1784 2086 2106 2129 2153 2293 2369 2485 2531 2555 2647 2688 2734 2956 2966 3114 3279 3498 3751 3852 3947 4026 4051 4252 4268 4284 4317 4379 4490 4507 4666 4696 4703 4705 4707 4758 4800 
199 264 293 301 336 401 499 559 637 731 747 792 879 1112 1212 1239 1319 1379 1449 1546 1619 1759 1787 1882 1909 1957 1998 2109 2150 2249 2298 2332 2347 2381 2464 2640 2797 3398 3436 3455 3711 3942 4018 4242 4273 4285 4566 4747 4766 4807 
200 349 448 507 545 580 733 777 878 929 950 992 1116 1168 1287 1296 1327 1361 1677 1715 1766 1839 1886 2012 2059 2083 2110 2159 2187 2217 2316 2447 2650 2736 2999 3022 3163 3406 3616 3780 3819 4114 4277 4297 4607 4667 4763 4776 4786 4934 
8 70 180 251 283 314 460 494 759 841 1013 1125 1160 1335 1364 1462 1583 1620 1638 1689 1702 1958 2469 2566 2570 2591 2661 2734 2870 2907 2994 3308 3422 3438 3481 3489 3497 3601 3904 3907 4116 4198 4212 4224 4251 4338 4405 4610 4696 4949 
98 146 251 381 480 542 742 786 1029 1041 1153 1210 1288 1351 1372 1407 1591 1731 1904 2031 2156 2295 2381 2475 2497 2682 2801 2839 2923 3014 3280 3503 3540 3744 3770 3857 3966 4134 4169 4208 4219 4318 4373 4543 4556 4557 4676 4794 4833 4899 
71 168 427 560 659 841 842 949 1121 1247 1320 1394 1411 1456 1663 1671 1836 1892 1998 2039 2215 2318 2335 2347 2384 2902 3012 3085 3143 3156 3282 3350 3378 3466 3493 3581 3663 3700 3703 3766 3882 3919 3967 4037 4071 4205 4356 4361 4545 4733 
145 235 272 294 480 660 708 735 951 1065 1192 1275 1434 1466 1533 1641 1792 1853 2134 2316 2349 2369 2391 2727 2858 2866 2935 3050 3180 3462 3471 3638 3698 3736 3741 3796 3836 3910 3951 4086 4122 4144 4298 4404 4561 4662 4702 4765 4849 4953 
237 319 467 479 604 759 787 847 951 1174 1204 1219 1530 1630 1640 1855 1910 2108 2185 2323 2465 2508 2556 2771 2806 2813 2829 2871 2952 2969 3056 3060 3307 3430 3521 3563 3631 3834 3936 3956 4166 4385 4505 4553 4576 4706 4766 4888 4953 4973 
152 248 278 286 383 467 543 644 668 924 1094 1189 1191 1215 1253 1416 1427 1468 1481 1516 1787 1794 1866 1970 2105 2132 2144 2517 2552 2686 2817 2858 3099 3216 3247 3364 3387 3462 3518 3778 3842 3846 3869 4332 4461 4476 4661 4828 4831 4848 
233 235 304 399 473 1144 1158 1241 1372 1462 1491 1588 1716 1742 2039 2056 2076 2080 2210 2323 2335 2409 2458 2462 2600 2656 2926 3005 3060 3068 3226 3372 3384 3411 3459 3515 3785 3795 3809 3864 3911 4110 4115 4164 4179 4371 4568 4636 4745 4900 
99 128 250 295 354 385 513 528 632 702 912 1133 1135 1367 1376 1608 1650 1759 1763 1809 1856 1876 1993 2462 2517 2528 2591 2686 2714 2789 2920 2998 3472 3542 3578 3592 3682 3724 4161 4244 4302 4335 4466 4554 4675 4787 4791 4833 4855 4911 
22 150 207 294 449 490 847 1063 1096 1138 1150 1543 1582 1786 2004 2062 2254 2282 2293 2309 2449 2540 2551 2610 2698 2756 2961 3010 3132 3249 3302 3377 3430 3547 3551 3652 4056 4219 4383 4435 4440 4526 4576 4612 4731 4756 4839 4868 4948 4956 
2 381 456 522 543 686 688 845 880 1081 1085 1088 1122 1129 1177 1229 1302 1411 1502 1536 1541 1590 1601 1637 1896 1962 1993 2063 2409 2564 2604 2671 2725 2828 2920 3152 3222 3340 3564 3630 3654 3710 3721 3724 3753 3998 4137 4210 4733 4870 
39 97 229 400 501 510 559 568 662 797 856 961 978 989 996 1020 1068 1115 1201 1219 1398 1600 1619 1633 1887 1897 1905 1989 2016 2482 2521 2533 2880 2883 3042 3240 3262 3304 3355 3455 3584 3864 3944 4015 4037 4122 4181 4615 4738 4973 
147 234 265 302 393 464 591 686 744 869 882 959 1016 1108 1283 1528 1583 1679 1855 1899 2129 2165 2214 2280 2333 2358 2361 2447 2461 2686 2974 2989 3051 3117 3367 3489 3517 3815 3867 3977 3998 4032 4165 4369 4491 4584 4741 4914 4952 4996 
219 434 621 740 833 1035 1064 1069 1144 1355 1474 1479 1583 1640 1866 1984 1989 2235 2237 2261 2281 2323 2329 2364 2539 2637 2736 2764 2845 2950 2980 3386 3781 3807 4049 4104 4107 4132 4253 4280 4291 4336 4461 4547 4597 4690 4729 4828 4856 4874 
5 246 292 457 471 472 711 990 1008 1235 1317 1531 1596 1696 1735 1769 1780 1861 1880 1915 2240 2329 2461 2540 2631 2886 2922 3006 3020 3044 3098 3146 3246 3401 3510 3570 3620 3674 3725 3792 3943 4407 4415 4589 4631 4759 4791 4849 4914 4963 
117 313 330 375 454 500 566 594 615 761 802 827 899 961 1116 1207 1445 1682 1705 1799 1915 1946 2216 2226 2312 2383 2734 2843 2877 3018 3129 3335 3541 3921 3996 4020 4182 4193 4232 4236 4425 4432 4518 4521 4622 4717 4766 4785 4867 4955 
46 157 225 231 662 728 743 798 809 844 939 982 1123 1482 1512 1711 1823 1921 1935 2099 2114 2319 2326 2441 2442 2525 2566 2578 2699 2849 3084 3128 3169 3337 3366 3387 3582 3585 3718 3767 3831 3979 4058 4387 4544 4664 4696 4727 4764 4937 
270 417 589 1050 1131 1147 1362 1375 1424 1498 1569 1605 1819 1969 1980 2396 2397 2403 2414 2459 2553 2575 2580 2680 2862 2908 2928 2999 3036 3130 3152 3197 3217 3404 3475 3491 3650 3675 3750 3786 3881 3950 4113 4348 4412 4488 4532 4578 4643 4657 
148 504 619 708 860 967 1118 1172 1215 1255 1303 1375 1635 1671 1927 1970 2190 2240 2349 2432 2636 2652 2734 2737 2850 2880 2969 2971 3188 3332 3366 3414 3455 3527 3640 3705 3709 3778 4025 4345 4387 4403 4461 4575 4600 4620 4625 4629 4762 4898 
244 321 362 493 604 668 762 777 801 976 1126 1311 1532 1552 1702 1811 1878 1965 2052 2260 2437 2447 2583 2804 2966 3004 3005 3084 3112 3254 3378 3475 3504 3563 3647 3679 3824 3856 3980 4292 4364 4367 4482 4613 4625 4759 4788 4817 4843 4994 
4 29 69 375 602 620 638 765 825 1072 1313 1347 1525 1709 1762 1778 1876 2059 2232 2374 2415 2442 2459 2496 2584 2838 2896 2900 2947 2988 3056 3197 3416 3508 3623 3643 3886 4017 4116 4251 4330 4333 4495 4645 4738 4771 4817 4895 4943 4945 
25 266 353 358 421 743 1318 1406 1410 1453 1486 1531 1543 1558 1561 1605 1617 1919 1988 1996 2254 2647 2709 3002 3123 3186 3310 3329 3517 3556 3581 3613 3616 3752 4034 4049 4071 4115 4195 4286 4318 4565 4594 4614 4641 4674 4747 4784 4861 4969 
282 516 639 717 830 857 862 914 917 986 1044 1122 1220 1289 1292 1373 1417 1437 1473 1542 1544 1973 2031 2172 2357 2415 2437 2552 2568 2853 2943 3207 3300 3314 3604 3647 3776 3845 3916 3969 4081 4203 4224 4338 4497 4558 4761 4811 4884 4966 
50 127 180 397 411 524 607 611 883 1054 1181 1231 1233 1452 1573 1816 1913 2062 2078 2239 2241 2245 2299 2377 2399 2483 2541 2625 2670 2743 2757 2770 2919 2975 3070 3071 3336 3469 3496 3641 3783 3921 3953 4198 4322 4422 4503 4543 4684 4806 
186 392 408 481 533 581 628 763 801 808 998 1027 1145 1197 1232 1266 1602 1646 1757 2101 2122 2340 2378 2597 2698 2797 2870 2947 2958 2974 3101 3235 3370 3402 3552 3752 3869 3913 3984 4131 4362 4382 4411 4454 4462 4467 4534 4768 4859 4956 
25 169 304 490 549 727 728 744 764 808 983 1331 1378 1391 1497 1568 1718 1864 2055 2098 2146 2166 2261 2263 2267 2278 2344 2391 2426 2769 2815 2824 2881 2894 2928 2955 3054 3378 3564 3640 3660 3764 3807 4178 4343 4369 4668 4699 4812 4904 
45 159 231 318 381 781 823 850 930 985 1018 1187 1327 1496 1678 1704 1794 1990 2068 2143 2225 2419 2604 2630 2667 2735 2768 2955 3149 3156 3170 3381 3422 3428 3590 3642 3951 3957 3966 3992 4075 4097 4160 4193 4204 4399 4592 4670 4693 4821 
30 164 227 328 378 588 729 860 897 1101 1239 1256 1531 1550 1576 1583 1847 1887 2032 2135 2177 2291 2299 2380 2397 2464 2489 2494 2546 2785 2819 2897 3284 3346 3435 3453 3723 3752 3764 4081 4308 4441 4483 4493 4523 4631 4692 4793 4858 4880 
144 145 296 335 371 394 453 654 932 983 995 1011 1036 1101 1314 1488 1504 1509 1610 1639 1669 1733 1973 2010 2153 2390 2478 2648 2675 2739 2804 2898 2913 2928 3074 3324 3327 3337 3454 3608 3841 3992 4030 4123 4133 4210 4230 4614 4720 4763 
47 81 163 247 498 655 719 723 892 1122 1219 1254 1369 1481 1511 1543 1557 1598 1618 1620 1628 1711 1833 1841 2029 2080 2145 2574 2601 2693 2884 2894 2939 2952 2970 3132 3154 3555 3859 3865 3959 3983 4057 4174 4382 4436 4499 4727 4973 4985 
41 243 278 337 338 449 575 969 1005 1033 1181 1391 1402 1500 1627 1737 1746 1954 2064 2122 2145 2216 2272 2491 2513 2590 2657 2795 2811 2927 2973 2983 3056 3158 3178 3337 3343 3416 3733 3761 3831 3857 3943 3982 4017 4335 4559 4598 4653 4688 
85 217 356 591 786 894 905 912 942 1071 1162 1396 1417 1694 1713 1754 1829 1865 1873 2055 2101 2235 2431 2572 2681 2695 2793 2836 2891 3043 3161 3277 3282 3435 3506 3606 3638 3696 3975 4399 4409 4569 4574 4670 4687 4735 4741 4769 4886 4948 
122 136 513 598 756 788 835 1063 1108 1155 1193 1304 1619 1997 2294 2474 2527 2564 2612 2708 2772 2812 2836 2898 2956 2980 3010 3042 3079 3444 3448 3476 3606 3680 3798 3889 3917 4149 4218 4333 4395 4400 4438 4553 4621 4679 4702 4807 4847 4896 
25 26 331 478 753 912 937 1009 1032 1117 1160 1203 1211 1266 1310 1446 1570 1577 1738 1758 1825 1913 2103 2172 2214 2267 2274 2483 2560 2652 2681 2806 2923 2950 2968 3036 3059 3066 3313 3381 3501 3554 3679 3761 3873 3984 4327 4523 4678 4702 
69 183 258 295 298 349 366 510 517 574 694 823 870 942 972 983 1059 1066 1068 1264 1543 1584 1680 1693 1708 1733 2109 2179 2198 2363 2629 3082 3154 3171 3181 3306 3310 3371 3470 3604 3641 3768 3969 4085 4474 4511 4647 4734 4870 4921 
78 115 150 193 231 384 406 453 518 727 847 870 895 1038 1093 1097 1131 1262 1345 1350 1401 1608 1675 1690 1724 1781 1785 1851 2071 2205 2265 2511 2556 2829 3116 3201 3213 3321 3358 3667 3775 3923 4112 4141 4302 4357 4648 4868 4895 4984 
5 38 190 376 444 747 966 978 1021 1043 1240 1263 1323 1374 1606 1631 1666 1885 1889 1921 2070 2073 2117 2549 2776 2788 2835 2861 3125 3172 3275 3324 3378 3546 3551 3561 3860 4046 4117 4146 4225 4331 4377 4476 4515 4678 4695 4869 4894 4947 
60 73 200 263 428 512 599 707 945 999 1035 1068 1309 1330 1731 1734 1838 1854 1991 2214 2233 2330 2351 2567 2629 2640 2758 2828 2836 2965 3008 3081 3319 3323 3364 3370 3465 3557 3735 3798 3882 4023 4311 4377 4411 4610 4707 4741 4760 4864 
69 131 239 295 435 471 505 640 830 957 999 1040 1085 1102 1477 1811 1849 1894 2063 2079 2164 2247 2311 2409 2420 2533 2548 2557 2624 2725 2754 2929 3116 3219 3226 3414 3486 3498 3643 3741 3817 3946 4186 4480 4517 4575 4596 4616 4728 4939 
3 261 320 359 378 467 553 614 635 701 759 877 1064 1142 1216 1310 1395 1511 1630 1641 1643 1683 1743 1858 1999 2048 2117 2155 2232 2474 2489 2615 2632 2742 3173 3237 3323 3326 3850 3898 4108 4155 4174 4281 4382 4577 4580 4673 4717 4757 
186 355 472 598 635 717 842 904 919 960 1128 1201 1419 1552 1608 1617 1698 1732 1829 1855 1925 1926 2034 2109 2141 2204 2258 2298 2474 2620 2650 2660 2932 2935 2965 3007 3045 3194 3393 3601 3603 3879 4281 4342 4377 4396 4409 4617 4757 4762 
50 105 124 249 251 446 515 587 601 767 865 903 952 956 1027 1244 1489 1682 2000 2032 2093 2123 2151 2212 2219 2447 2618 2753 2795 2860 2944 3032 3095 3116 3155 3172 3325 3695 3758 3871 3948 4031 4191 4308 4366 4439 4527 4598 4773 4886 
124 237 254 496 640 705 763 993 1058 1212 1298 1484 1533 1678 1744 1849 1937 2167 2428 2452 2454 2478 2510 2598 2607 2729 2776 2791 3017 3038 3058 3083 3097 3124 3138 3148 3155 3360 3555 3705 3804 3916 3962 3965 4006 4070 4292 4399 4604 4733 
132 259 499 572 651 744 974 1104 1216 1413 1517 1536 1958 1972 2041 2127 2160 2216 2319 2372 2392 2403 2435 2460 2557 2698 2700 2705 2863 2875 2958 3003 3140 3160 3185 3332 3378 3479 3704 3871 4089 4127 4174 4311 4322 4739 4793 4794 4807 4861 
55 299 634 705 768 860 1137 1142 1216 1282 1329 1346 1361 1387 1457 1511 1676 1715 1740 1877 1918 2313 2389 2556 2560 2633 2651 2784 2785 2864 3016 3157 3313 3455 3531 3649 3680 3761 3916 3946 3949 3987 4095 4131 4242 4343 4441 4477 4845 4894 
112 141 231 250 418 433 567 632 681 735 791 1071 1210 1338 1363 1464 1689 1701 1756 1833 1862 2020 2040 2314 2366 2390 2440 2501 2715 2929 2933 3103 3175 3306 3371 3467 3508 3637 3797 4135 4154 4244 4294 4333 4454 4631 4661 4671 4875 4958 
150 194 248 252 433 625 642 790 890 1083 1285 1355 1500 1611 1718 1733 1864 1885 1970 2103 2166 2282 2300 2431 2436 2532 2603 2675 2691 2744 2839 2843 2872 2878 2994 2995 3096 3445 3503 3834 3850 3866 3882 4002 4047 4264 4361 4516 4625 4856 
38 322 342 377 549 785 1076 1167 1241 1328 1377 1401 1559 1600 1762 1907 2075 2095 2161 2184 2323 2622 2642 2663 2694 2759 2966 3058 3216 3264 3293 3297 3350 3369 3391 3448 3543 3628 3793 3969 3974 4288 4315 4334 4409 4423 4571 4678 4785 4889 
32 44 84 184 261 341 371 527 567 696 1042 1105 1248 1338 1508 1562 1625 1771 1883 2141 2148 2329 2393 2622 2632 2730 2770 2886 2901 2952 2972 2995 3188 3226 3280 3298 3315 3458 3780 3846 4121 4150 4383 4434 4475 4607 4688 4721 4829 4891 
98 217 527 565 621 642 680 752 1025 1031 1198 1211 1280 1340 1412 1439 1528 1551 1645 1761 1868 1918 1950 2053 2073 2126 2175 2210 2218 2274 2331 2440 2442 2758 2795 2858 3128 3172 3219 3297 3627 3736 3869 4237 4491 4580 4610 4667 4708 4854 
95 318 321 389 410 664 722 929 966 1045 1123 1325 1331 1349 1352 1496 1510 1512 1593 1679 1821 1881 2069 2132 2510 2633 2696 2844 3095 3178 3180 3326 3347 3465 3477 3478 3495 4123 4235 4259 4498 4613 4623 4624 4654 4692 4729 4823 4955 4966 
49 210 287 340 397 1009 1010 1119 1137 1316 1340 1436 1599 1616 1629 1855 1955 1983 2099 2154 2531 2736 2836 2843 2912 2947 3033 3059 3064 3169 3289 3358 3584 3722 3725 3776 3882 3956 3960 3986 4002 4008 4033 4124 4195 4346 4550 4564 4774 4806 
115 233 259 268 298 346 378 415 425 438 799 1031 1433 1542 1547 1686 1768 1853 1879 2154 2255 2295 2457 2461 2462 2585 2617 2645 2967 3059 3141 3159 3166 3247 3430 3472 3668 3702 3722 3784 3836 3905 3992 4138 4553 4666 4717 4722 4943 4961 
170 263 342 369 510 519 565 574 654 702 867 885 946 1070 1161 1239 1667 1938 2043 2075 2229 2282 2300 2335 2367 2393 2536 2581 2682 2852 3005 3306 3316 3350 3447 3470 3518 3626 3628 3678 3844 3849 3851 4024 4102 4139 4228 4357 4562 4790 
16 97 152 159 163 190 371 442 464 537 739 844 971 993 1200 1205 1236 1270 1520 1567 1624 1679 1821 1975 2002 2065 2081 2146 2210 2221 2387 2767 2790 2822 2955 3077 3139 3171 3469 3509 3657 3807 3821 3937 4028 4348 4422 4551 4678 4977 
314 320 392 401 431 486 689 690 786 877 1154 1219 1288 1427 1447 1632 1647 1916 1964 2189 2190 2207 2625 2712 2731 2923 2998 3178 3284 3343 3372 3391 3479 3517 3742 3778 3812 3838 3864 3872 3882 4084 4281 4391 4417 4472 4760 4791 4983 4984 
39 167 214 497 603 623 657 735 853 1050 1138 1141 1183 1221 1610 1759 1773 2146 2156 2282 2286 2398 2423 2433 2480 2544 2566 2599 2707 2854 2900 3031 3101 3219 3297 3395 3416 3439 3547 3558 3695 3918 4164 4177 4335 4555 4626 4704 4715 4768 
4 173 197 304 468 506 604 606 696 759 829 916 933 936 960 998 1371 1372 1379 1457 1483 1513 1555 1842 1893 2000 2430 2562 2602 2938 3005 3029 3039 3134 3165 3357 3604 4091 4152 4251 4290 4315 4361 4389 4468 4623 4643 4681 4718 4963 
14 99 208 256 275 531 628 659 667 780 828 972 1028 1031 1045 1162 1192 1303 1330 1465 1510 1630 1985 2129 2233 2330 2348 2468 2497 2532 2890 3031 3214 3294 3331 3432 3604 3979 4121 4361 4427 4483 4544 4573 4646 4831 4850 4890 4909 4955 
17 250 262 300 409 437 460 708 913 1259 1260 1417 1418 1437 1448 1527 1581 1590 1611 1797 1828 1910 1950 2097 2131 2149 2231 2246 2280 2288 2334 2380 2512 2562 2675 2677 2701 2703 2923 3216 3456 3479 4245 4333 4390 4569 4574 4604 4611 4849 
203 220 227 383 398 589 719 777 786 810 906 999 1226 1264 1302 1508 1615 1657 1856 1996 2048 2087 2164 2243 2260 2277 2361 2530 2635 2854 2912 3036 3099 3231 3264 3525 3746 3846 3925 3999 4094 4128 4176 4186 4208 4256 4594 4725 4760 4954 
149 177 314 341 391 430 617 735 741 801 867 876 884 1017 1028 1128 1175 1249 1291 1330 1354 1366 1397 1676 2030 2051 2166 2293 2301 2352 2360 2366 2418 2592 2876 3123 3281 3492 3524 3640 3952 4028 4064 4236 4407 4478 4651 4885 4923 4986 
22 92 94 217 223 274 642 671 742 771 862 1019 1052 1068 1246 1278 1378 1530 1726 1800 1841 1895 1941 2007 2044 2074 2171 2513 2518 2525 2532 2615 2800 2966 3419 3719 3741 3936 3959 4018 4030 4296 4694 4708 4714 4751 4789 4877 4925 4952 
